-1.024470000000000027e+02 7.670489999999999782e+02 1.941920000000000073e+02 9.998879630566981369e-01 5.933455312638344706e-04 6.352986959580760040e-03 -1.354063632548555690e-02 7.273871558430383288e+01 1.814498027089740395e-01 4.723912843482663675e+02 -7.069100926590048406e-01 7.070097852644016134e-01 -2.028876666074387602e-02 -1.908615061204128795e-03
-1.198460000000000036e+02 5.486409999999999627e+02 1.941980000000000075e+02 9.820228686798574413e-01 -5.313255558849292598e-04 6.357192302972754748e-03 -1.886541523236635043e-01 8.794522005126358977e+01 6.740175190660987470e-01 5.451381536439507727e+02 -6.927538379560389536e-01 6.952444767247044632e-01 -1.452863375586880001e-01 -1.249761755562315557e-01
-1.020840000000000032e+02 1.003740999999999985e+03 1.942030000000000030e+02 9.815035718013080945e-01 1.910049698874844749e-03 6.108271888358328926e-03 1.913368215110732296e-01 7.248354983279166674e+01 -5.151443124677659746e+00 4.816795570303711429e+02 6.955595989540027668e-01 -6.929827860190266309e-01 -1.260457981868179367e-01 -1.417183658617524322e-01
3.174699999999999989e+01 7.670539999999999736e+02 1.941879999999999882e+02 9.937059939943662101e-01 -9.885764854762005976e-04 -1.111966821976874686e-01 -1.351732534295565363e-02 7.606579679301948715e+01 3.223288829964737756e-01 4.775592878813590119e+02 7.032765887276907213e-01 -7.028845976991493494e-01 -6.271217213425774040e-02 8.615405388794612762e-02
-2.324310000000000116e+02 7.670549999999999500e+02 1.941910000000000025e+02 9.932810731972342433e-01 2.054321906447625305e-03 1.149300453398078015e-01 -1.340052490931389201e-02 7.328285611238698039e+01 8.083350518737146828e-01 4.964102241954565784e+02 -7.016256111174875576e-01 7.018766212105141955e-01 -9.679113303230786614e-02 7.564495725856369701e-02
-8.236000000000000654e+00 5.601340000000000146e+02 1.941949999999999932e+02 9.786968785554378547e-01 -1.883465956658687129e-02 -9.182427091478848058e-02 -1.826635671824587415e-01 9.326049265602769367e+01 4.081717131514553287e+00 5.387645635862686504e+02 -6.792603458229041768e-01 7.049135642945891789e-01 -7.125180112567638946e-02 -1.913778554533776544e-01
5.557900000000000063e+01 9.145470000000000255e+02 1.941949999999999932e+02 9.825975565781190912e-01 1.963886356108456716e-02 -1.344307267810592177e-01 1.266678196775147258e-01 8.165733942703279524e+01 -1.800022220337432444e+01 4.733590656187538457e+02 7.105860190021268119e-01 -6.804247874711132349e-01 -1.790887273621903919e-01 4.110161859062041317e-03
-2.332750000000000057e+02 6.269759999999999991e+02 1.941910000000000025e+02 9.855683819439182702e-01 1.328029471935742237e-02 1.096430620584136484e-01 -1.282848285147888678e-01 7.802690423079495474e+01 5.477281558916767601e+00 5.340264428987117071e+02 7.035340911448165757e-01 -6.886015798093271245e-01 1.754681156234183526e-01 8.861620338485283813e-03
-2.564470000000000027e+02 9.071190000000000282e+02 1.941980000000000075e+02 9.856602377395272674e-01 -1.208572468347046854e-02 1.295913757111488152e-01 1.073960257152268005e-01 7.810007164059788920e+01 -6.558029185481397683e+00 4.970859246233387694e+02 -6.865353002395288007e-01 7.064565607563247918e-01 -2.070668217301302461e-02 1.707619452319306119e-01
-8.037000000000000810e+00 7.906849999999999454e+02 1.891380000000000052e+02 8.855551052898672504e-01 4.644635966405631367e-01 6.730858623234265564e-04 -8.078975565392934252e-03 6.259193337664049039e+01 5.380147902934528936e+00 4.657269254321838616e+02 9.543598443868732684e-01 -2.982422770983492732e-01 1.576454788290828496e-02 -5.589286183900369709e-04
1.899699999999999989e+01 8.645769999999999982e+02 1.942040000000000077e+02 5.450976531285104398e-01 8.382392857773107719e-01 -7.864502721385580389e-03 -1.271211745853585186e-02 5.968597016869165373e+01 2.458825004799692593e+01 4.719216105209074499e+02 9.782258777140616646e-01 2.068970838045486038e-01 1.429570277098303824e-02 7.956496292147277258e-03
-1.738710000000000093e+02 8.619130000000000109e+02 1.941970000000000027e+02 8.540775319003242050e-01 -5.199306302071873276e-01 1.246825062710733324e-02 -8.261476968877886143e-03 8.076892241187081822e+01 -6.018000551325860314e+00 4.731274500606266997e+02 -2.356005688048924684e-01 9.717275076038509596e-01 -1.524918640058819767e-02 2.357556253853625421e-03
-1.574050000000000011e+02 9.406820000000000164e+02 1.941999999999999886e+02 -5.283422523492271594e-01 8.488998857634575401e-01 -1.484547693327237933e-02 1.749327858913506031e-03 5.552313107153216976e+01 -2.581356874419704894e+01 4.732310812811406890e+02 2.271405496774715760e-01 9.738151763290234797e-01 -7.306794840153952621e-03 6.148017471864441162e-03
